# dimensionless total [l(l+1)/2pi] C_l's
# for l=2 to 2500, i.e. number of multipoles equal to 2499
#
# -> if you prefer output in CAMB/HealPix/LensPix units/order, set 'format' to 'camb' in input file
# -> if you don't want to see such a header, set 'headers' to 'no' in input file
#
# 1:l     2:TT                 
    2       1.381671641581e-10 
    3       1.306687513033e-10 
    4       1.236002942147e-10 
    5       1.183076587680e-10 
    6       1.146777206578e-10 
    7       1.123126526082e-10 
    8       1.109314638725e-10 
    9       1.102860361765e-10 
   10       1.101462498020e-10 
   11       1.104528074337e-10 
   12       1.110549485828e-10 
   13       1.119019937139e-10 
   14       1.129452550250e-10 
   15       1.141725769526e-10 
   16       1.155098631306e-10 
   17       1.169827180522e-10 
   18       1.185286346571e-10 
   19       1.201589995419e-10 
   20       1.218662432141e-10 
   21       1.236521804923e-10 
   22       1.254912053163e-10 
   23       1.273877565250e-10 
   24       1.293348759218e-10 
   25       1.313350545583e-10 
   26       1.333777898686e-10 
   27       1.354574691449e-10 
   28       1.375614369754e-10 
   29       1.396989244532e-10 
   30       1.418748506227e-10 
   31       1.440836669159e-10 
   32       1.463283307516e-10 
   33       1.486057606292e-10 
   34       1.509060227187e-10 
   35       1.532315676357e-10 
   36       1.555829974800e-10 
   37       1.579565885500e-10 
   38       1.603561700364e-10 
   39       1.627840200381e-10 
   40       1.652369503292e-10 
   41       1.677092468179e-10 
   42       1.702040238158e-10 
   43       1.727245985713e-10 
   44       1.752709680561e-10 
   45       1.778412794763e-10 
   46       1.804375521286e-10 
   47       1.830610987251e-10 
   48       1.857106460951e-10 
   49       1.883821055069e-10 
   50       1.910708070176e-10 
   51       1.937794503667e-10 
   52       1.965119152499e-10 
   53       1.992708748910e-10 
   54       2.020576823188e-10 
   55       2.048728715526e-10 
   56       2.077180674917e-10 
   57       2.105943512869e-10 
   58       2.135015991870e-10 
   59       2.164383927721e-10 
   60       2.194019291871e-10 
   61       2.223893032440e-10 
   62       2.254018930959e-10 
   63       2.284418041622e-10 
   64       2.315105388042e-10 
   65       2.346089500870e-10 
   66       2.377371955410e-10 
   67       2.408946909242e-10 
   68       2.440807069976e-10 
   69       2.472964036270e-10 
   70       2.505431266730e-10 
   71       2.538217721870e-10 
   72       2.571327566182e-10 
   73       2.604759870210e-10 
   74       2.638508312617e-10 
   75       2.672560882265e-10 
   76       2.706905793332e-10 
   77       2.741551134548e-10 
   78       2.776508278465e-10 
   79       2.811785818517e-10 
   80       2.847389398498e-10 
   81       2.883321542030e-10 
   82       2.919581482048e-10 
   83       2.956164990272e-10 
   84       2.993067196646e-10 
   85       3.030291958233e-10 
   86       3.067843738059e-10 
   87       3.105724634742e-10 
   88       3.143934262220e-10 
   89       3.182469629480e-10 
   90       3.221325020285e-10 
   91       3.260491872899e-10 
   92       3.299958659815e-10 
   93       3.339714396333e-10 
   94       3.379760031135e-10 
   95       3.420098554450e-10 
   96       3.460731452338e-10 
   97       3.501658636229e-10 
   98       3.542878372463e-10 
   99       3.584387211831e-10 
  100       3.626179919113e-10 
  101       3.668249402621e-10 
  102       3.710586643737e-10 
  103       3.753180626454e-10 
  104       3.796020663151e-10 
  105       3.839103881502e-10 
  106       3.882428622289e-10 
  107       3.925992089887e-10 
  108       3.969790308134e-10 
  109       4.013818076205e-10 
  110       4.058068924484e-10 
  111       4.102535070433e-10 
  112       4.147207374472e-10 
  113       4.192075295843e-10 
  114       4.237126848487e-10 
  115       4.282348556916e-10 
  116       4.327727349495e-10 
  117       4.373256593787e-10 
  118       4.418930715545e-10 
  119       4.464743300249e-10 
  120       4.510687066112e-10 
  121       4.556753837084e-10 
  122       4.602934515848e-10 
  123       4.649219056829e-10 
  124       4.695596439194e-10 
  125       4.742054639853e-10 
  126       4.788580606463e-10 
  127       4.835160230430e-10 
  128       4.881778319911e-10 
  129       4.928420138908e-10 
  130       4.975076272789e-10 
  131       5.021738247985e-10 
  132       5.068396998105e-10 
  133       5.115042848154e-10 
  134       5.161665498731e-10 
  135       5.208254010246e-10 
  136       5.254796787126e-10 
  137       5.301281562021e-10 
  138       5.347695380018e-10 
  139       5.394024582845e-10 
  140       5.440254793083e-10 
  141       5.486370898373e-10 
  142       5.532357035627e-10 
  143       5.578196575233e-10 
  144       5.623873461045e-10 
  145       5.669376412559e-10 
  146       5.714695108925e-10 
  147       5.759818862439e-10 
  148       5.804736610547e-10 
  149       5.849436907842e-10 
  150       5.893907918067e-10 
  151       5.938137406115e-10 
  152       5.982112730029e-10 
  153       6.025820833004e-10 
  154       6.069248235387e-10 
  155       6.112381026675e-10 
  156       6.155204857521e-10 
  157       6.197704931729e-10 
  158       6.239865998259e-10 
  159       6.281672343225e-10 
  160       6.323107781896e-10 
  161       6.364156757667e-10 
  162       6.404807764972e-10 
  163       6.445050215190e-10 
  164       6.484873354015e-10 
  165       6.524266258550e-10 
  166       6.563217834404e-10 
  167       6.601716812779e-10 
  168       6.639751747571e-10 
  169       6.677311012459e-10 
  170       6.714382797997e-10 
  171       6.750955108716e-10 
  172       6.787015760206e-10 
  173       6.822552376221e-10 
  174       6.857552385763e-10 
  175       6.892003020183e-10 
  176       6.925891310270e-10 
  177       6.959204083346e-10 
  178       6.991927960361e-10 
  179       7.024049352985e-10 
  180       7.055555356726e-10 
  181       7.086436515746e-10 
  182       7.116684272745e-10 
  183       7.146290093081e-10 
  184       7.175245465158e-10 
  185       7.203541900826e-10 
  186       7.231170935769e-10 
  187       7.258124129904e-10 
  188       7.284393067773e-10 
  189       7.309969358935e-10 
  190       7.334844638363e-10 
  191       7.359010566836e-10 
  192       7.382458831334e-10 
  193       7.405181145430e-10 
  194       7.427169249688e-10 
  195       7.448414912051e-10 
  196       7.468909928239e-10 
  197       7.488646122143e-10 
  198       7.507615346218e-10 
  199       7.525809481874e-10 
  200       7.543220439877e-10 
  201       7.559840740351e-10 
  202       7.575665298162e-10 
  203       7.590689765978e-10 
  204       7.604909968207e-10 
  205       7.618321903107e-10 
  206       7.630921744889e-10 
  207       7.642705845829e-10 
  208       7.653670738369e-10 
  209       7.663813137230e-10 
  210       7.673129941514e-10 
  211       7.681618236815e-10 
  212       7.689275297323e-10 
  213       7.696098587932e-10 
  214       7.702085766348e-10 
  215       7.707234685193e-10 
  216       7.711543394117e-10 
  217       7.715010141899e-10 
  218       7.717633378559e-10 
  219       7.719411757461e-10 
  220       7.720344137424e-10 
  221       7.720429584825e-10 
  222       7.719667375709e-10 
  223       7.718056997894e-10 
  224       7.715598356152e-10 
  225       7.712292398036e-10 
  226       7.708140532371e-10 
  227       7.703144432378e-10 
  228       7.697306038262e-10 
  229       7.690627559803e-10 
  230       7.683111478945e-10 
  231       7.674760552391e-10 
  232       7.665577814188e-10 
  233       7.655566578321e-10 
  234       7.644730441301e-10 
  235       7.633073284758e-10 
  236       7.620599278031e-10 
  237       7.607312880757e-10 
  238       7.593218845462e-10 
  239       7.578322220151e-10 
  240       7.562628350902e-10 
  241       7.546142884451e-10 
  242       7.528871770786e-10 
  243       7.510821265738e-10 
  244       7.491997933568e-10 
  245       7.472408649562e-10 
  246       7.452060602616e-10 
  247       7.430961297832e-10 
  248       7.409118559106e-10 
  249       7.386540531718e-10 
  250       7.363235407044e-10 
  251       7.339210573733e-10 
  252       7.314473422563e-10 
  253       7.289031621966e-10 
  254       7.262893120080e-10 
  255       7.236066146811e-10 
  256       7.208559215895e-10 
  257       7.180381126952e-10 
  258       7.151540967547e-10 
  259       7.122048115251e-10 
  260       7.091912239698e-10 
  261       7.061143304643e-10 
  262       7.029751570025e-10 
  263       6.997747594023e-10 
  264       6.965142235115e-10 
  265       6.931946654138e-10 
  266       6.898172316349e-10 
  267       6.863830993478e-10 
  268       6.828934765795e-10 
  269       6.793496024163e-10 
  270       6.757527472101e-10 
  271       6.721042127840e-10 
  272       6.684053326383e-10 
  273       6.646574721566e-10 
  274       6.608620288115e-10 
  275       6.570204323705e-10 
  276       6.531341451020e-10 
  277       6.492046619812e-10 
  278       6.452335108961e-10 
  279       6.412221718366e-10 
  280       6.371718294047e-10 
  281       6.330836078834e-10 
  282       6.289586511797e-10 
  283       6.247981229055e-10 
  284       6.206032064596e-10 
  285       6.163751051087e-10 
  286       6.121150420695e-10 
  287       6.078242605893e-10 
  288       6.035040240281e-10 
  289       5.991556159400e-10 
  290       5.947803401542e-10 
  291       5.903795208570e-10 
  292       5.859545026731e-10 
  293       5.815066507469e-10 
  294       5.770373508239e-10 
  295       5.725480093327e-10 
  296       5.680400534657e-10 
  297       5.635149312611e-10 
  298       5.589741116841e-10 
  299       5.544190847087e-10 
  300       5.498513613986e-10 
  301       5.452724739891e-10 
  302       5.406839759684e-10 
  303       5.360874421591e-10 
  304       5.314844687997e-10 
  305       5.268766736258e-10 
  306       5.222656959520e-10 
  307       5.176531967530e-10 
  308       5.130408587451e-10 
  309       5.084303864679e-10 
  310       5.038235063655e-10 
  311       4.992219668679e-10 
  312       4.946274196333e-10 
  313       4.900410570158e-10 
  314       4.854639579352e-10 
  315       4.808972051357e-10 
  316       4.763418851215e-10 
  317       4.717990880918e-10 
  318       4.672699078767e-10 
  319       4.627554418725e-10 
  320       4.582567909769e-10 
  321       4.537750595246e-10 
  322       4.493113552228e-10 
  323       4.448667890864e-10 
  324       4.404424753738e-10 
  325       4.360395315219e-10 
  326       4.316590780817e-10 
  327       4.273022386540e-10 
  328       4.229701398244e-10 
  329       4.186639110988e-10 
  330       4.143846848393e-10 
  331       4.101335961988e-10 
  332       4.059117830573e-10 
  333       4.017203859566e-10 
  334       3.975605480364e-10 
  335       3.934334149690e-10 
  336       3.893401348954e-10 
  337       3.852818583602e-10 
  338       3.812597382475e-10 
  339       3.772749297159e-10 
  340       3.733285901342e-10 
  341       3.694218790167e-10 
  342       3.655559579587e-10 
  343       3.617319905719e-10 
  344       3.579511424198e-10 
  345       3.542145809532e-10 
  346       3.505234754456e-10 
  347       3.468789969285e-10 
  348       3.432823181270e-10 
  349       3.397345122087e-10 
  350       3.362362445206e-10 
  351       3.327880679213e-10 
  352       3.293905226485e-10 
  353       3.260441361556e-10 
  354       3.227494229469e-10 
  355       3.195068844145e-10 
  356       3.163170086737e-10 
  357       3.131802703993e-10 
  358       3.100971306614e-10 
  359       3.070680367617e-10 
  360       3.040934220694e-10 
  361       3.011737058571e-10 
  362       2.983092931371e-10 
  363       2.955005744972e-10 
  364       2.927479259366e-10 
  365       2.900517087024e-10 
  366       2.874122691252e-10 
  367       2.848299384550e-10 
  368       2.823050326980e-10 
  369       2.798378524516e-10 
  370       2.774286827412e-10 
  371       2.750777928558e-10 
  372       2.727854361842e-10 
  373       2.705518500510e-10 
  374       2.683772555526e-10 
  375       2.662618573932e-10 
  376       2.642058437210e-10 
  377       2.622093859637e-10 
  378       2.602726386653e-10 
  379       2.583957393215e-10 
  380       2.565788082160e-10 
  381       2.548219482565e-10 
  382       2.531252448105e-10 
  383       2.514887655417e-10 
  384       2.499125602459e-10 
  385       2.483966606866e-10 
  386       2.469410804317e-10 
  387       2.455458146891e-10 
  388       2.442108237930e-10 
  389       2.429359833165e-10 
  390       2.417211317711e-10 
  391       2.405660866117e-10 
  392       2.394706440595e-10 
  393       2.384345789252e-10 
  394       2.374576444317e-10 
  395       2.365395720375e-10 
  396       2.356800712596e-10 
  397       2.348788294961e-10 
  398       2.341355118501e-10 
  399       2.334497609518e-10 
  400       2.328211967823e-10 
  401       2.322494164960e-10 
  402       2.317339942440e-10 
  403       2.312744809969e-10 
  404       2.308704043682e-10 
  405       2.305212684368e-10 
  406       2.302265535704e-10 
  407       2.299857162484e-10 
  408       2.297981888849e-10 
  409       2.296633796517e-10 
  410       2.295806723015e-10 
  411       2.295494259908e-10 
  412       2.295689751027e-10 
  413       2.296386290705e-10 
  414       2.297576722001e-10 
  415       2.299253634934e-10 
  416       2.301409364712e-10 
  417       2.304035989961e-10 
  418       2.307125330960e-10 
  419       2.310668947864e-10 
  420       2.314658138942e-10 
  421       2.319083938799e-10 
  422       2.323937116613e-10 
  423       2.329208174365e-10 
  424       2.334887345062e-10 
  425       2.340964590976e-10 
  426       2.347429601869e-10 
  427       2.354272618646e-10 
  428       2.361486938777e-10 
  429       2.369066492632e-10 
  430       2.377005024542e-10 
  431       2.385296091567e-10 
  432       2.393933062270e-10 
  433       2.402909115491e-10 
  434       2.412217239115e-10 
  435       2.421850228849e-10 
  436       2.431800686990e-10 
  437       2.442061021200e-10 
  438       2.452623443276e-10 
  439       2.463479967926e-10 
  440       2.474622411535e-10 
  441       2.486042390946e-10 
  442       2.497731322222e-10 
  443       2.509680419426e-10 
  444       2.521880693391e-10 
  445       2.534322950490e-10 
  446       2.546997791411e-10 
  447       2.559895609929e-10 
  448       2.573006591675e-10 
  449       2.586320712914e-10 
  450       2.599827739310e-10 
  451       2.613517224706e-10 
  452       2.627378509890e-10 
  453       2.641400721369e-10 
  454       2.655572770143e-10 
  455       2.669883350476e-10 
  456       2.684320938668e-10 
  457       2.698873791825e-10 
  458       2.713529946638e-10 
  459       2.728277218148e-10 
  460       2.743103198520e-10 
  461       2.757995255818e-10 
  462       2.772940532777e-10 
  463       2.787925945570e-10 
  464       2.802938182585e-10 
  465       2.817963703199e-10 
  466       2.832990147594e-10 
  467       2.848010617143e-10 
  468       2.863019525152e-10 
  469       2.878011197438e-10 
  470       2.892979871875e-10 
  471       2.907919697948e-10 
  472       2.922824736301e-10 
  473       2.937688958287e-10 
  474       2.952506245520e-10 
  475       2.967270389424e-10 
  476       2.981975090784e-10 
  477       2.996613959296e-10 
  478       3.011180513115e-10 
  479       3.025668178412e-10 
  480       3.040070288915e-10 
  481       3.054380085468e-10 
  482       3.068590715575e-10 
  483       3.082695232955e-10 
  484       3.096686597086e-10 
  485       3.110557672763e-10 
  486       3.124301229644e-10 
  487       3.137909941800e-10 
  488       3.151376387265e-10 
  489       3.164693047590e-10 
  490       3.177852307389e-10 
  491       3.190846453892e-10 
  492       3.203667676494e-10 
  493       3.216308066304e-10 
  494       3.228759615700e-10 
  495       3.241014217874e-10 
  496       3.253063666384e-10 
  497       3.264899654707e-10 
  498       3.276513775785e-10 
  499       3.287897521579e-10 
  500       3.299042282615e-10 
  501       3.309939347540e-10 
  502       3.320579902668e-10 
  503       3.330955031530e-10 
  504       3.341055714429e-10 
  505       3.350874137207e-10 
  506       3.360407659947e-10 
  507       3.369654961723e-10 
  508       3.378614741880e-10 
  509       3.387285720200e-10 
  510       3.395666637068e-10 
  511       3.403756253633e-10 
  512       3.411553351979e-10 
  513       3.419056735286e-10 
  514       3.426265227998e-10 
  515       3.433177675983e-10 
  516       3.439792946705e-10 
  517       3.446109929385e-10 
  518       3.452127535165e-10 
  519       3.457844697277e-10 
  520       3.463260371206e-10 
  521       3.468373534854e-10 
  522       3.473183188707e-10 
  523       3.477688356000e-10 
  524       3.481888082880e-10 
  525       3.485781438573e-10 
  526       3.489367515551e-10 
  527       3.492645429692e-10 
  528       3.495614320450e-10 
  529       3.498273351018e-10 
  530       3.500621708491e-10 
  531       3.502658604036e-10 
  532       3.504383273053e-10 
  533       3.505794975342e-10 
  534       3.506892995269e-10 
  535       3.507676641928e-10 
  536       3.508145249308e-10 
  537       3.508298176460e-10 
  538       3.508134807657e-10 
  539       3.507654552566e-10 
  540       3.506856846407e-10 
  541       3.505741150121e-10 
  542       3.504306950534e-10 
  543       3.502553760525e-10 
  544       3.500481727208e-10 
  545       3.498093474049e-10 
  546       3.495392308372e-10 
  547       3.492381618203e-10 
  548       3.489064872687e-10 
  549       3.485445622493e-10 
  550       3.481527500231e-10 
  551       3.477314220859e-10 
  552       3.472809582098e-10 
  553       3.468017464837e-10 
  554       3.462941833553e-10 
  555       3.457586736714e-10 
  556       3.451956307195e-10 
  557       3.446054762687e-10 
  558       3.439886406112e-10 
  559       3.433455626026e-10 
  560       3.426766897042e-10 
  561       3.419824780228e-10 
  562       3.412633923531e-10 
  563       3.405199062178e-10 
  564       3.397525019093e-10 
  565       3.389616705307e-10 
  566       3.381479120368e-10 
  567       3.373117352752e-10 
  568       3.364536580278e-10 
  569       3.355742070515e-10 
  570       3.346739181193e-10 
  571       3.337533360619e-10 
  572       3.328130148083e-10 
  573       3.318535174271e-10 
  574       3.308754161678e-10 
  575       3.298792925016e-10 
  576       3.288657371630e-10 
  577       3.278353501902e-10 
  578       3.267887409669e-10 
  579       3.257265282631e-10 
  580       3.246493402764e-10 
  581       3.235578146727e-10 
  582       3.224525986278e-10 
  583       3.213343234451e-10 
  584       3.202035276283e-10 
  585       3.190607319684e-10 
  586       3.179064648245e-10 
  587       3.167412621566e-10 
  588       3.155656675575e-10 
  589       3.143802322848e-10 
  590       3.131855152933e-10 
  591       3.119820832671e-10 
  592       3.107705106519e-10 
  593       3.095513796867e-10 
  594       3.083252804365e-10 
  595       3.070928108242e-10 
  596       3.058545766627e-10 
  597       3.046111916872e-10 
  598       3.033632775874e-10 
  599       3.021114640394e-10 
  600       3.008563887381e-10 
  601       2.995986974294e-10 
  602       2.983390439422e-10 
  603       2.970780902205e-10 
  604       2.958165063558e-10 
  605       2.945549706191e-10 
  606       2.932941694931e-10 
  607       2.920347977044e-10 
  608       2.907775582555e-10 
  609       2.895231624573e-10 
  610       2.882723299609e-10 
  611       2.870257887897e-10 
  612       2.857842753723e-10 
  613       2.845485345735e-10 
  614       2.833193197275e-10 
  615       2.820973926696e-10 
  616       2.808835237682e-10 
  617       2.796784919574e-10 
  618       2.784830847688e-10 
  619       2.772980983639e-10 
  620       2.761243375659e-10 
  621       2.749626158924e-10 
  622       2.738136734096e-10 
  623       2.726779281178e-10 
  624       2.715557188060e-10 
  625       2.704473867083e-10 
  626       2.693532755112e-10 
  627       2.682737313600e-10 
  628       2.672091028655e-10 
  629       2.661597411110e-10 
  630       2.651259996585e-10 
  631       2.641082345561e-10 
  632       2.631068043440e-10 
  633       2.621220700619e-10 
  634       2.611543952549e-10 
  635       2.602041459812e-10 
  636       2.592716908178e-10 
  637       2.583574008681e-10 
  638       2.574616497680e-10 
  639       2.565848136928e-10 
  640       2.557272713641e-10 
  641       2.548894040562e-10 
  642       2.540715956030e-10 
  643       2.532742324048e-10 
  644       2.524977034347e-10 
  645       2.517424002456e-10 
  646       2.510087169768e-10 
  647       2.502970503608e-10 
  648       2.496077997298e-10 
  649       2.489413670226e-10 
  650       2.482981567914e-10 
  651       2.476785762081e-10 
  652       2.470830350716e-10 
  653       2.465119458140e-10 
  654       2.459657235077e-10 
  655       2.454447858716e-10 
  656       2.449495532784e-10 
  657       2.444804487611e-10 
  658       2.440378980196e-10 
  659       2.436223294272e-10 
  660       2.432341740381e-10 
  661       2.428737838092e-10 
  662       2.425411842761e-10 
  663       2.422363164366e-10 
  664       2.419591180256e-10 
  665       2.417095234993e-10 
  666       2.414874640190e-10 
  667       2.412928674362e-10 
  668       2.411256582762e-10 
  669       2.409857577226e-10 
  670       2.408730836019e-10 
  671       2.407875503673e-10 
  672       2.407290690833e-10 
  673       2.406975474096e-10 
  674       2.406928895861e-10 
  675       2.407149964165e-10 
  676       2.407637652528e-10 
  677       2.408390899797e-10 
  678       2.409408609989e-10 
  679       2.410689652130e-10 
  680       2.412232860104e-10 
  681       2.414037032490e-10 
  682       2.416100932409e-10 
  683       2.418423287365e-10 
  684       2.421002789088e-10 
  685       2.423838093377e-10 
  686       2.426927819941e-10 
  687       2.430270552247e-10 
  688       2.433864837358e-10 
  689       2.437709185775e-10 
  690       2.441802071287e-10 
  691       2.446141930805e-10 
  692       2.450727164211e-10 
  693       2.455556134197e-10 
  694       2.460627166111e-10 
  695       2.465938547799e-10 
  696       2.471488529445e-10 
  697       2.477275323418e-10 
  698       2.483297104112e-10 
  699       2.489552007791e-10 
  700       2.496037802834e-10 
  701       2.502750893262e-10 
  702       2.509687294142e-10 
  703       2.516842959070e-10 
  704       2.524213779930e-10 
  705       2.531795586657e-10 
  706       2.539584146998e-10 
  707       2.547575166278e-10 
  708       2.555764287158e-10 
  709       2.564147089399e-10 
  710       2.572719089626e-10 
  711       2.581475741086e-10 
  712       2.590412433414e-10 
  713       2.599524492396e-10 
  714       2.608807179725e-10 
  715       2.618255692771e-10 
  716       2.627865164338e-10 
  717       2.637630662428e-10 
  718       2.647547190005e-10 
  719       2.657609684753e-10 
  720       2.667813018842e-10 
  721       2.678151998690e-10 
  722       2.688621364722e-10 
  723       2.699215791135e-10 
  724       2.709929885661e-10 
  725       2.720758189327e-10 
  726       2.731695176218e-10 
  727       2.742735253240e-10 
  728       2.753872759881e-10 
  729       2.765101967974e-10 
  730       2.776417081461e-10 
  731       2.787812236150e-10 
  732       2.799281499484e-10 
  733       2.810818870297e-10 
  734       2.822418278582e-10 
  735       2.834073585248e-10 
  736       2.845778581885e-10 
  737       2.857526990528e-10 
  738       2.869312463414e-10 
  739       2.881128890822e-10 
  740       2.892971331721e-10 
  741       2.904835101015e-10 
  742       2.916715462968e-10 
  743       2.928607631035e-10 
  744       2.940506767685e-10 
  745       2.952407984240e-10 
  746       2.964306340697e-10 
  747       2.976196845563e-10 
  748       2.988074455682e-10 
  749       2.999934076066e-10 
  750       3.011770559724e-10 
  751       3.023578707494e-10 
  752       3.035353267870e-10 
  753       3.047088936833e-10 
  754       3.058780357683e-10 
  755       3.070422120865e-10 
  756       3.082008763800e-10 
  757       3.093534770719e-10 
  758       3.104994572485e-10 
  759       3.116382546431e-10 
  760       3.127693016184e-10 
  761       3.138920251497e-10 
  762       3.150058468080e-10 
  763       3.161101827428e-10 
  764       3.172044436650e-10 
  765       3.182880348304e-10 
  766       3.193603560219e-10 
  767       3.204208015331e-10 
  768       3.214687601512e-10 
  769       3.225036151397e-10 
  770       3.235247442215e-10 
  771       3.245315195623e-10 
  772       3.255233077527e-10 
  773       3.264994697921e-10 
  774       3.274593610713e-10 
  775       3.284023313552e-10 
  776       3.293277247662e-10 
  777       3.302348797672e-10 
  778       3.311232000033e-10 
  779       3.319923683188e-10 
  780       3.328421367203e-10 
  781       3.336722558781e-10 
  782       3.344824751230e-10 
  783       3.352725424437e-10 
  784       3.360422044835e-10 
  785       3.367912065376e-10 
  786       3.375192925498e-10 
  787       3.382262051098e-10 
  788       3.389116854500e-10 
  789       3.395754734427e-10 
  790       3.402173075970e-10 
  791       3.408369250559e-10 
  792       3.414340615930e-10 
  793       3.420084516100e-10 
  794       3.425598281335e-10 
  795       3.430879228118e-10 
  796       3.435924659124e-10 
  797       3.440731863184e-10 
  798       3.445298115261e-10 
  799       3.449620676416e-10 
  800       3.453696793780e-10 
  801       3.457523700525e-10 
  802       3.461098615831e-10 
  803       3.464418744860e-10 
  804       3.467481278724e-10 
  805       3.470283394454e-10 
  806       3.472822254972e-10 
  807       3.475095009063e-10 
  808       3.477098791340e-10 
  809       3.478830722218e-10 
  810       3.480287907884e-10 
  811       3.481467440265e-10 
  812       3.482366397001e-10 
  813       3.482981841412e-10 
  814       3.483310822471e-10 
  815       3.483350374773e-10 
  816       3.483097518502e-10 
  817       3.482549933850e-10 
  818       3.481707997505e-10 
  819       3.480572782480e-10 
  820       3.479145387050e-10 
  821       3.477426934851e-10 
  822       3.475418574966e-10 
  823       3.473121482021e-10 
  824       3.470536856269e-10 
  825       3.467665923691e-10 
  826       3.464509936079e-10 
  827       3.461070171132e-10 
  828       3.457347932542e-10 
  829       3.453344550094e-10 
  830       3.449061379749e-10 
  831       3.444499803738e-10 
  832       3.439661230654e-10 
  833       3.434547095545e-10 
  834       3.429158860000e-10 
  835       3.423498012245e-10 
  836       3.417566067232e-10 
  837       3.411364566731e-10 
  838       3.404895079421e-10 
  839       3.398159200981e-10 
  840       3.391158554182e-10 
  841       3.383894788979e-10 
  842       3.376369582597e-10 
  843       3.368584639631e-10 
  844       3.360541692130e-10 
  845       3.352242499692e-10 
  846       3.343688849552e-10 
  847       3.334882556678e-10 
  848       3.325825463857e-10 
  849       3.316519441791e-10 
  850       3.306966389185e-10 
  851       3.297168232839e-10 
  852       3.287126927740e-10 
  853       3.276844457153e-10 
  854       3.266322832711e-10 
  855       3.255564094508e-10 
  856       3.244570577093e-10 
  857       3.233345712237e-10 
  858       3.221893240039e-10 
  859       3.210216944390e-10 
  860       3.198320653117e-10 
  861       3.186208238109e-10 
  862       3.173883615458e-10 
  863       3.161350745592e-10 
  864       3.148613633407e-10 
  865       3.135676328408e-10 
  866       3.122542924835e-10 
  867       3.109217561806e-10 
  868       3.095704423448e-10 
  869       3.082007739031e-10 
  870       3.068131783103e-10 
  871       3.054080875628e-10 
  872       3.039859382117e-10 
  873       3.025471713763e-10 
  874       3.010922327578e-10 
  875       2.996215726527e-10 
  876       2.981356459661e-10 
  877       2.966349122254e-10 
  878       2.951198355936e-10 
  879       2.935908848829e-10 
  880       2.920485335680e-10 
  881       2.904932597999e-10 
  882       2.889255464191e-10 
  883       2.873458809691e-10 
  884       2.857547557100e-10 
  885       2.841526676316e-10 
  886       2.825401184677e-10 
  887       2.809176147086e-10 
  888       2.792856676153e-10 
  889       2.776447932324e-10 
  890       2.759955124021e-10 
  891       2.743383507775e-10 
  892       2.726738388357e-10 
  893       2.710025118919e-10 
  894       2.693249101125e-10 
  895       2.676415544424e-10 
  896       2.659528739296e-10 
  897       2.642592772420e-10 
  898       2.625611766557e-10 
  899       2.608589880651e-10 
  900       2.591531309927e-10 
  901       2.574440285989e-10 
  902       2.557321076919e-10 
  903       2.540177987379e-10 
  904       2.523015358702e-10 
  905       2.505837568998e-10 
  906       2.488649033250e-10 
  907       2.471454203414e-10 
  908       2.454257568513e-10 
  909       2.437063654742e-10 
  910       2.419877025563e-10 
  911       2.402702281805e-10 
  912       2.385544061761e-10 
  913       2.368407041291e-10 
  914       2.351295933915e-10 
  915       2.334215490914e-10 
  916       2.317170501431e-10 
  917       2.300165792567e-10 
  918       2.283206229481e-10 
  919       2.266296715487e-10 
  920       2.249442192155e-10 
  921       2.232647639409e-10 
  922       2.215918075623e-10 
  923       2.199258557725e-10 
  924       2.182674181291e-10 
  925       2.166170080646e-10 
  926       2.149751428961e-10 
  927       2.133423438355e-10 
  928       2.117191359989e-10 
  929       2.101060484169e-10 
  930       2.085036140442e-10 
  931       2.069123697697e-10 
  932       2.053328564260e-10 
  933       2.037656187998e-10 
  934       2.022111495508e-10 
  935       2.006697199896e-10 
  936       1.991415466740e-10 
  937       1.976268472617e-10 
  938       1.961258405124e-10 
  939       1.946387462902e-10 
  940       1.931657855652e-10 
  941       1.917071804166e-10 
  942       1.902631540339e-10 
  943       1.888339307195e-10 
  944       1.874197358911e-10 
  945       1.860207960833e-10 
  946       1.846373389503e-10 
  947       1.832695932678e-10 
  948       1.819177889350e-10 
  949       1.805821569771e-10 
  950       1.792629295474e-10 
  951       1.779603399292e-10 
  952       1.766746225382e-10 
  953       1.754060129247e-10 
  954       1.741547477755e-10 
  955       1.729210649164e-10 
  956       1.717052033141e-10 
  957       1.705074030785e-10 
  958       1.693279054647e-10 
  959       1.681669528754e-10 
  960       1.670247888629e-10 
  961       1.659016581314e-10 
  962       1.647978065389e-10 
  963       1.637134810996e-10 
  964       1.626489299861e-10 
  965       1.616044025314e-10 
  966       1.605801492309e-10 
  967       1.595764217452e-10 
  968       1.585934729015e-10 
  969       1.576315566962e-10 
  970       1.566909282971e-10 
  971       1.557718440452e-10 
  972       1.548745614573e-10 
  973       1.539992854892e-10 
  974       1.531460064377e-10 
  975       1.523146596099e-10 
  976       1.515051788367e-10 
  977       1.507174964678e-10 
  978       1.499515433674e-10 
  979       1.492072489095e-10 
  980       1.484845409733e-10 
  981       1.477833459381e-10 
  982       1.471035886795e-10 
  983       1.464451925640e-10 
  984       1.458080794446e-10 
  985       1.451921696566e-10 
  986       1.445973820120e-10 
  987       1.440236337960e-10 
  988       1.434708407612e-10 
  989       1.429389171241e-10 
  990       1.424277755594e-10 
  991       1.419373271963e-10 
  992       1.414674816130e-10 
  993       1.410181468329e-10 
  994       1.405892293191e-10 
  995       1.401806339704e-10 
  996       1.397922641165e-10 
  997       1.394240215133e-10 
  998       1.390758063381e-10 
  999       1.387475171852e-10 
 1000       1.384390510613e-10 
 1001       1.381503033806e-10 
 1002       1.378811679603e-10 
 1003       1.376315370160e-10 
 1004       1.374013011570e-10 
 1005       1.371903493817e-10 
 1006       1.369985690729e-10 
 1007       1.368258459931e-10 
 1008       1.366720642801e-10 
 1009       1.365371064421e-10 
 1010       1.364208533532e-10 
 1011       1.363231842487e-10 
 1012       1.362439535145e-10 
 1013       1.361829206974e-10 
 1014       1.361398194754e-10 
 1015       1.361143807646e-10 
 1016       1.361063327118e-10 
 1017       1.361154006875e-10 
 1018       1.361413072781e-10 
 1019       1.361837722788e-10 
 1020       1.362425126863e-10 
 1021       1.363172426910e-10 
 1022       1.364076736703e-10 
 1023       1.365135141807e-10 
 1024       1.366344699507e-10 
 1025       1.367702438734e-10 
 1026       1.369205359991e-10 
 1027       1.370850435280e-10 
 1028       1.372634608029e-10 
 1029       1.374554793015e-10 
 1030       1.376607876295e-10 
 1031       1.378790715130e-10 
 1032       1.381100137912e-10 
 1033       1.383532944089e-10 
 1034       1.386085904094e-10 
 1035       1.388755759270e-10 
 1036       1.391539221795e-10 
 1037       1.394432974611e-10 
 1038       1.397433671350e-10 
 1039       1.400537936258e-10 
 1040       1.403742364125e-10 
 1041       1.407043520207e-10 
 1042       1.410437940158e-10 
 1043       1.413922129952e-10 
 1044       1.417492565809e-10 
 1045       1.421145694127e-10 
 1046       1.424877931401e-10 
 1047       1.428685664156e-10 
 1048       1.432565248868e-10 
 1049       1.436513011895e-10 
 1050       1.440525249400e-10 
 1051       1.444598380181e-10 
 1052       1.448729406629e-10 
 1053       1.452915460034e-10 
 1054       1.457153648203e-10 
 1055       1.461441055402e-10 
 1056       1.465774742305e-10 
 1057       1.470151745931e-10 
 1058       1.474569079591e-10 
 1059       1.479023732829e-10 
 1060       1.483512671364e-10 
 1061       1.488032837037e-10 
 1062       1.492581147749e-10 
 1063       1.497154497408e-10 
 1064       1.501749755870e-10 
 1065       1.506363768882e-10 
 1066       1.510993358028e-10 
 1067       1.515635320666e-10 
 1068       1.520286429877e-10 
 1069       1.524943434404e-10 
 1070       1.529603058598e-10 
 1071       1.534262002359e-10 
 1072       1.538916941080e-10 
 1073       1.543564525587e-10 
 1074       1.548201382089e-10 
 1075       1.552824112114e-10 
 1076       1.557429292455e-10 
 1077       1.562013475112e-10 
 1078       1.566573187237e-10 
 1079       1.571104931076e-10 
 1080       1.575605183909e-10 
 1081       1.580070397999e-10 
 1082       1.584497000530e-10 
 1083       1.588881393551e-10 
 1084       1.593219953923e-10 
 1085       1.597509033254e-10 
 1086       1.601744957852e-10 
 1087       1.605924028658e-10 
 1088       1.610042521197e-10 
 1089       1.614096685516e-10 
 1090       1.618083140913e-10 
 1091       1.622000066023e-10 
 1092       1.625846024568e-10 
 1093       1.629619572010e-10 
 1094       1.633319255528e-10 
 1095       1.636943614005e-10 
 1096       1.640491178007e-10 
 1097       1.643960469771e-10 
 1098       1.647350003182e-10 
 1099       1.650658283760e-10 
 1100       1.653883808641e-10 
 1101       1.657025066562e-10 
 1102       1.660080537840e-10 
 1103       1.663048694358e-10 
 1104       1.665927999547e-10 
 1105       1.668716908369e-10 
 1106       1.671413867300e-10 
 1107       1.674017314312e-10 
 1108       1.676525678854e-10 
 1109       1.678937381842e-10 
 1110       1.681250835634e-10 
 1111       1.683464444015e-10 
 1112       1.685576602183e-10 
 1113       1.687585696729e-10 
 1114       1.689490105619e-10 
 1115       1.691288198181e-10 
 1116       1.692978335082e-10 
 1117       1.694558868317e-10 
 1118       1.696028141186e-10 
 1119       1.697384488282e-10 
 1120       1.698626235470e-10 
 1121       1.699751699872e-10 
 1122       1.700759189850e-10 
 1123       1.701647004986e-10 
 1124       1.702413436069e-10 
 1125       1.703056765076e-10 
 1126       1.703575265152e-10 
 1127       1.703967200597e-10 
 1128       1.704230826849e-10 
 1129       1.704364778092e-10 
 1130       1.704369235617e-10 
 1131       1.704244774554e-10 
 1132       1.703991977631e-10 
 1133       1.703611435194e-10 
 1134       1.703103745226e-10 
 1135       1.702469513369e-10 
 1136       1.701709352940e-10 
 1137       1.700823884951e-10 
 1138       1.699813738130e-10 
 1139       1.698679548938e-10 
 1140       1.697421961590e-10 
 1141       1.696041628075e-10 
 1142       1.694539208171e-10 
 1143       1.692915369472e-10 
 1144       1.691170787398e-10 
 1145       1.689306145222e-10 
 1146       1.687322134086e-10 
 1147       1.685219453019e-10 
 1148       1.682998808960e-10 
 1149       1.680660916774e-10 
 1150       1.678206499273e-10 
 1151       1.675636287236e-10 
 1152       1.672951019424e-10 
 1153       1.670151442607e-10 
 1154       1.667238311574e-10 
 1155       1.664212389162e-10 
 1156       1.661074446266e-10 
 1157       1.657825261867e-10 
 1158       1.654465623043e-10 
 1159       1.650996324995e-10 
 1160       1.647418171063e-10 
 1161       1.643731972747e-10 
 1162       1.639938549722e-10 
 1163       1.636038729865e-10 
 1164       1.632033349268e-10 
 1165       1.627923252257e-10 
 1166       1.623709291418e-10 
 1167       1.619392327608e-10 
 1168       1.614973400793e-10 
 1169       1.610454244840e-10 
 1170       1.605836779202e-10 
 1171       1.601122938725e-10 
 1172       1.596314673683e-10 
 1173       1.591413949811e-10 
 1174       1.586422748339e-10 
 1175       1.581343066029e-10 
 1176       1.576176915205e-10 
 1177       1.570926323791e-10 
 1178       1.565593335345e-10 
 1179       1.560180009091e-10 
 1180       1.554688419954e-10 
 1181       1.549120658598e-10 
 1182       1.543478831455e-10 
 1183       1.537765060761e-10 
 1184       1.531981484594e-10 
 1185       1.526130256902e-10 
 1186       1.520213547543e-10 
 1187       1.514233542317e-10 
 1188       1.508192442998e-10 
 1189       1.502092467374e-10 
 1190       1.495935849274e-10 
 1191       1.489724838609e-10 
 1192       1.483461701404e-10 
 1193       1.477148719830e-10 
 1194       1.470788192242e-10 
 1195       1.464382433209e-10 
 1196       1.457933773554e-10 
 1197       1.451444560383e-10 
 1198       1.444917157123e-10 
 1199       1.438353943554e-10 
 1200       1.431757315844e-10 
 1201       1.425129686584e-10 
 1202       1.418473484821e-10 
 1203       1.411791156095e-10 
 1204       1.405085162470e-10 
 1205       1.398357982570e-10 
 1206       1.391612111612e-10 
 1207       1.384849961143e-10 
 1208       1.378073556833e-10 
 1209       1.371284837088e-10 
 1210       1.364485753046e-10 
 1211       1.357678268602e-10 
 1212       1.350864360432e-10 
 1213       1.344046018025e-10 
 1214       1.337225243703e-10 
 1215       1.330404052648e-10 
 1216       1.323584472934e-10 
 1217       1.316768545543e-10 
 1218       1.309958324400e-10 
 1219       1.303155876396e-10 
 1220       1.296363281412e-10 
 1221       1.289582632347e-10 
 1222       1.282816035145e-10 
 1223       1.276065608819e-10 
 1224       1.269333485479e-10 
 1225       1.262621810355e-10 
 1226       1.255932741827e-10 
 1227       1.249268451449e-10 
 1228       1.242631123975e-10 
 1229       1.236022957385e-10 
 1230       1.229446162911e-10 
 1231       1.222902965066e-10 
 1232       1.216395601664e-10 
 1233       1.209926323852e-10 
 1234       1.203497396133e-10 
 1235       1.197111096394e-10 
 1236       1.190769715927e-10 
 1237       1.184475559464e-10 
 1238       1.178230945193e-10 
 1239       1.172038204794e-10 
 1240       1.165899683456e-10 
 1241       1.159817739908e-10 
 1242       1.153794746447e-10 
 1243       1.147833088958e-10 
 1244       1.141935166945e-10 
 1245       1.136103393554e-10 
 1246       1.130339924889e-10 
 1247       1.124645844415e-10 
 1248       1.119021969040e-10 
 1249       1.113469118957e-10 
 1250       1.107988117657e-10 
 1251       1.102579791929e-10 
 1252       1.097244971868e-10 
 1253       1.091984490881e-10 
 1254       1.086799185686e-10 
 1255       1.081689896327e-10 
 1256       1.076657466170e-10 
 1257       1.071702741912e-10 
 1258       1.066826573589e-10 
 1259       1.062029814575e-10 
 1260       1.057313321593e-10 
 1261       1.052677954715e-10 
 1262       1.048124577372e-10 
 1263       1.043654056356e-10 
 1264       1.039267261825e-10 
 1265       1.034965067312e-10 
 1266       1.030748349724e-10 
 1267       1.026617989353e-10 
 1268       1.022574869878e-10 
 1269       1.018619878370e-10 
 1270       1.014753905299e-10 
 1271       1.010977844538e-10 
 1272       1.007292593368e-10 
 1273       1.003699052484e-10 
 1274       1.000198126000e-10 
 1275       9.967907214518e-11 
 1276       9.934777498063e-11 
 1277       9.902601254637e-11 
 1278       9.871387662636e-11 
 1279       9.841145934900e-11 
 1280       9.811885318765e-11 
 1281       9.783615096117e-11 
 1282       9.756344583438e-11 
 1283       9.730083131864e-11 
 1284       9.704840127231e-11 
 1285       9.680622376897e-11 
 1286       9.657426237556e-11 
 1287       9.635245397958e-11 
 1288       9.614073483883e-11 
 1289       9.593904058000e-11 
 1290       9.574730619732e-11 
 1291       9.556546605112e-11 
 1292       9.539345386654e-11 
 1293       9.523120273205e-11 
 1294       9.507864509814e-11 
 1295       9.493571277590e-11 
 1296       9.480233693566e-11 
 1297       9.467844810559e-11 
 1298       9.456397617033e-11 
 1299       9.445885036961e-11 
 1300       9.436299929686e-11 
 1301       9.427635089784e-11 
 1302       9.419883246923e-11 
 1303       9.413037065730e-11 
 1304       9.407089145647e-11 
 1305       9.402032020798e-11 
 1306       9.397858159847e-11 
 1307       9.394559965860e-11 
 1308       9.392129776171e-11 
 1309       9.390559862239e-11 
 1310       9.389842429513e-11 
 1311       9.389969617292e-11 
 1312       9.390933498587e-11 
 1313       9.392726079984e-11 
 1314       9.395339301505e-11 
 1315       9.398765036470e-11 
 1316       9.402995091358e-11 
 1317       9.408021205672e-11 
 1318       9.413835051795e-11 
 1319       9.420428234858e-11 
 1320       9.427792292600e-11 
 1321       9.435918695225e-11 
 1322       9.444798845271e-11 
 1323       9.454424077469e-11 
 1324       9.464784594754e-11 
 1325       9.475866263728e-11 
 1326       9.487653783535e-11 
 1327       9.500131746291e-11 
 1328       9.513284636866e-11 
 1329       9.527096832682e-11 
 1330       9.541552603497e-11 
 1331       9.556636111192e-11 
 1332       9.572331409567e-11 
 1333       9.588622444124e-11 
 1334       9.605493051858e-11 
 1335       9.622926961046e-11 
 1336       9.640907791037e-11 
 1337       9.659419052041e-11 
 1338       9.678444144915e-11 
 1339       9.697966360956e-11 
 1340       9.717968881689e-11 
 1341       9.738434778655e-11 
 1342       9.759347013200e-11 
 1343       9.780688436265e-11 
 1344       9.802441788175e-11 
 1345       9.824589698429e-11 
 1346       9.847114685485e-11 
 1347       9.869999156555e-11 
 1348       9.893225407389e-11 
 1349       9.916775622067e-11 
 1350       9.940631872788e-11 
 1351       9.964776119656e-11 
 1352       9.989190210473e-11 
 1353       1.001385588053e-10 
 1354       1.003875475238e-10 
 1355       1.006386833565e-10 
 1356       1.008917802682e-10 
 1357       1.011466510901e-10 
 1358       1.014031075177e-10 
 1359       1.016609601087e-10 
 1360       1.019200182808e-10 
 1361       1.021800903099e-10 
 1362       1.024409833275e-10 
 1363       1.027025118503e-10 
 1364       1.029645234715e-10 
 1365       1.032268734409e-10 
 1366       1.034894161567e-10 
 1367       1.037520051643e-10 
 1368       1.040144931547e-10 
 1369       1.042767319628e-10 
 1370       1.045385725658e-10 
 1371       1.047998650819e-10 
 1372       1.050604587686e-10 
 1373       1.053202020211e-10 
 1374       1.055789423706e-10 
 1375       1.058365264831e-10 
 1376       1.060928001577e-10 
 1377       1.063476083249e-10 
 1378       1.066007950450e-10 
 1379       1.068522035071e-10 
 1380       1.071016760266e-10 
 1381       1.073490540445e-10 
 1382       1.075941781255e-10 
 1383       1.078368879562e-10 
 1384       1.080770223441e-10 
 1385       1.083144192155e-10 
 1386       1.085489156143e-10 
 1387       1.087803477002e-10 
 1388       1.090085507473e-10 
 1389       1.092333591426e-10 
 1390       1.094546063841e-10 
 1391       1.096721250797e-10 
 1392       1.098857469453e-10 
 1393       1.100953028033e-10 
 1394       1.103006225813e-10 
 1395       1.105015353103e-10 
 1396       1.106978691229e-10 
 1397       1.108894512523e-10 
 1398       1.110761080305e-10 
 1399       1.112576648865e-10 
 1400       1.114339463450e-10 
 1401       1.116047760250e-10 
 1402       1.117699969276e-10 
 1403       1.119295325355e-10 
 1404       1.120833263481e-10 
 1405       1.122313216489e-10 
 1406       1.123734615055e-10 
 1407       1.125096887688e-10 
 1408       1.126399460734e-10 
 1409       1.127641758365e-10 
 1410       1.128823202581e-10 
 1411       1.129943213205e-10 
 1412       1.131001207880e-10 
 1413       1.131996602064e-10 
 1414       1.132928809033e-10 
 1415       1.133797239869e-10 
 1416       1.134601303463e-10 
 1417       1.135340406509e-10 
 1418       1.136013953504e-10 
 1419       1.136621346740e-10 
 1420       1.137161986303e-10 
 1421       1.137635270074e-10 
 1422       1.138040593717e-10 
 1423       1.138377350684e-10 
 1424       1.138644932208e-10 
 1425       1.138842727298e-10 
 1426       1.138970122740e-10 
 1427       1.139026503093e-10 
 1428       1.139011250683e-10 
 1429       1.138923745600e-10 
 1430       1.138763365700e-10 
 1431       1.138529486594e-10 
 1432       1.138221481652e-10 
 1433       1.137838721996e-10 
 1434       1.137380576495e-10 
 1435       1.136846411766e-10 
 1436       1.136235592170e-10 
 1437       1.135547479807e-10 
 1438       1.134781434512e-10 
 1439       1.133936813854e-10 
 1440       1.133012973135e-10 
 1441       1.132009457469e-10 
 1442       1.130926580186e-10 
 1443       1.129764850297e-10 
 1444       1.128524780942e-10 
 1445       1.127206889402e-10 
 1446       1.125811697105e-10 
 1447       1.124339729634e-10 
 1448       1.122791516734e-10 
 1449       1.121167592321e-10 
 1450       1.119468494491e-10 
 1451       1.117694765525e-10 
 1452       1.115846951900e-10 
 1453       1.113925604293e-10 
 1454       1.111931277594e-10 
 1455       1.109864530908e-10 
 1456       1.107725927570e-10 
 1457       1.105516035145e-10 
 1458       1.103235425442e-10 
 1459       1.100884674518e-10 
 1460       1.098464362690e-10 
 1461       1.095975074538e-10 
 1462       1.093417398917e-10 
 1463       1.090791928961e-10 
 1464       1.088099262095e-10 
 1465       1.085340000041e-10 
 1466       1.082514748824e-10 
 1467       1.079624118785e-10 
 1468       1.076668724581e-10 
 1469       1.073649185202e-10 
 1470       1.070566123971e-10 
 1471       1.067420168557e-10 
 1472       1.064211950981e-10 
 1473       1.060942107624e-10 
 1474       1.057611279235e-10 
 1475       1.054220110937e-10 
 1476       1.050769252240e-10 
 1477       1.047259357042e-10 
 1478       1.043691083643e-10 
 1479       1.040065094749e-10 
 1480       1.036382137505e-10 
 1481       1.032643284437e-10 
 1482       1.028849694904e-10 
 1483       1.025002535307e-10 
 1484       1.021102979099e-10 
 1485       1.017152206798e-10 
 1486       1.013151405999e-10 
 1487       1.009101771386e-10 
 1488       1.005004504746e-10 
 1489       1.000860814980e-10 
 1490       9.966719181124e-11 
 1491       9.924390373091e-11 
 1492       9.881634028853e-11 
 1493       9.838462523198e-11 
 1494       9.794888302661e-11 
 1495       9.750923885656e-11 
 1496       9.706581862595e-11 
 1497       9.661874896009e-11 
 1498       9.616815720674e-11 
 1499       9.571417143728e-11 
 1500       9.525692044804e-11 
 1501       9.479653376140e-11 
 1502       9.433314162711e-11 
 1503       9.386687502348e-11 
 1504       9.339786565862e-11 
 1505       9.292624597164e-11 
 1506       9.245214913392e-11 
 1507       9.197570905028e-11 
 1508       9.149706036026e-11 
 1509       9.101633843932e-11 
 1510       9.053367940006e-11 
 1511       9.004922009349e-11 
 1512       8.956309811019e-11 
 1513       8.907545178158e-11 
 1514       8.858642018114e-11 
 1515       8.809614312564e-11 
 1516       8.760476117636e-11 
 1517       8.711241564030e-11 
 1518       8.661924857143e-11 
 1519       8.612539691933e-11 
 1520       8.563097491084e-11 
 1521       8.513609150121e-11 
 1522       8.464085621217e-11 
 1523       8.414537913289e-11 
 1524       8.364977092087e-11 
 1525       8.315414280289e-11 
 1526       8.265860657592e-11 
 1527       8.216327460806e-11 
 1528       8.166825983943e-11 
 1529       8.117367578310e-11 
 1530       8.067963652605e-11 
 1531       8.018625673004e-11 
 1532       7.969365163257e-11 
 1533       7.920193704780e-11 
 1534       7.871122936742e-11 
 1535       7.822164556166e-11 
 1536       7.773330318015e-11 
 1537       7.724632035284e-11 
 1538       7.676081579097e-11 
 1539       7.627690878794e-11 
 1540       7.579471922028e-11 
 1541       7.531436754852e-11 
 1542       7.483597481817e-11 
 1543       7.435966266058e-11 
 1544       7.388555329392e-11 
 1545       7.341376952407e-11 
 1546       7.294443474556e-11 
 1547       7.247767294246e-11 
 1548       7.201360868934e-11 
 1549       7.155236715218e-11 
 1550       7.109407408928e-11 
 1551       7.063885585220e-11 
 1552       7.018683938666e-11 
 1553       6.973815223350e-11 
 1554       6.929292252955e-11 
 1555       6.885127900862e-11 
 1556       6.841335100234e-11 
 1557       6.797926844116e-11 
 1558       6.754914760040e-11 
 1559       6.712304819033e-11 
 1560       6.670101586505e-11 
 1561       6.628309644099e-11 
 1562       6.586933589712e-11 
 1563       6.545978037513e-11 
 1564       6.505447617972e-11 
 1565       6.465346977876e-11 
 1566       6.425680780352e-11 
 1567       6.386453704892e-11 
 1568       6.347670447370e-11 
 1569       6.309335720067e-11 
 1570       6.271454251692e-11 
 1571       6.234030787404e-11 
 1572       6.197070088834e-11 
 1573       6.160576934105e-11 
 1574       6.124556117857e-11 
 1575       6.089012451265e-11 
 1576       6.053950762065e-11 
 1577       6.019375894572e-11 
 1578       5.985292709704e-11 
 1579       5.951706085004e-11 
 1580       5.918620914661e-11 
 1581       5.886042109531e-11 
 1582       5.853974597159e-11 
 1583       5.822423321805e-11 
 1584       5.791393244458e-11 
 1585       5.760889342866e-11 
 1586       5.730916611550e-11 
 1587       5.701480061835e-11 
 1588       5.672584721861e-11 
 1589       5.644235636615e-11 
 1590       5.616437867945e-11 
 1591       5.589196494587e-11 
 1592       5.562516612184e-11 
 1593       5.536403333309e-11 
 1594       5.510861787486e-11 
 1595       5.485897121213e-11 
 1596       5.461514497983e-11 
 1597       5.437717725590e-11 
 1598       5.414505124258e-11 
 1599       5.391873620706e-11 
 1600       5.369820117387e-11 
 1601       5.348341492445e-11 
 1602       5.327434599670e-11 
 1603       5.307096268458e-11 
 1604       5.287323303767e-11 
 1605       5.268112486075e-11 
 1606       5.249460571336e-11 
 1607       5.231364290939e-11 
 1608       5.213820351664e-11 
 1609       5.196825435638e-11 
 1610       5.180376200297e-11 
 1611       5.164469278338e-11 
 1612       5.149101277678e-11 
 1613       5.134268781412e-11 
 1614       5.119968347771e-11 
 1615       5.106196510077e-11 
 1616       5.092949776702e-11 
 1617       5.080224631024e-11 
 1618       5.068017531387e-11 
 1619       5.056324911053e-11 
 1620       5.045143178165e-11 
 1621       5.034468715700e-11 
 1622       5.024297881430e-11 
 1623       5.014627007876e-11 
 1624       5.005452402267e-11 
 1625       4.996770346496e-11 
 1626       4.988577097079e-11 
 1627       4.980868885111e-11 
 1628       4.973641916223e-11 
 1629       4.966892370541e-11 
 1630       4.960616402642e-11 
 1631       4.954810141510e-11 
 1632       4.949469690497e-11 
 1633       4.944591127275e-11 
 1634       4.940170503799e-11 
 1635       4.936203846260e-11 
 1636       4.932686550153e-11 
 1637       4.929611559641e-11 
 1638       4.926971171825e-11 
 1639       4.924757640088e-11 
 1640       4.922963174024e-11 
 1641       4.921579939368e-11 
 1642       4.920600057926e-11 
 1643       4.920015607507e-11 
 1644       4.919818621851e-11 
 1645       4.920001090561e-11 
 1646       4.920554959031e-11 
 1647       4.921472128379e-11 
 1648       4.922744455375e-11 
 1649       4.924363752372e-11 
 1650       4.926321787234e-11 
 1651       4.928610283270e-11 
 1652       4.931220919162e-11 
 1653       4.934145328896e-11 
 1654       4.937375101691e-11 
 1655       4.940901781927e-11 
 1656       4.944716869083e-11 
 1657       4.948811817659e-11 
 1658       4.953178037108e-11 
 1659       4.957806891771e-11 
 1660       4.962689700800e-11 
 1661       4.967817738094e-11 
 1662       4.973182232227e-11 
 1663       4.978774366375e-11 
 1664       4.984585278252e-11 
 1665       4.990606060037e-11 
 1666       4.996827758304e-11 
 1667       5.003241373953e-11 
 1668       5.009837862139e-11 
 1669       5.016608132203e-11 
 1670       5.023543047604e-11 
 1671       5.030633425846e-11 
 1672       5.037870038408e-11 
 1673       5.045243610677e-11 
 1674       5.052744821879e-11 
 1675       5.060364658092e-11 
 1676       5.068095474826e-11 
 1677       5.075929943588e-11 
 1678       5.083860699582e-11 
 1679       5.091880341655e-11 
 1680       5.099981432242e-11 
 1681       5.108156497308e-11 
 1682       5.116398026298e-11 
 1683       5.124698472081e-11 
 1684       5.133050250893e-11 
 1685       5.141445742283e-11 
 1686       5.149877289062e-11 
 1687       5.158337197242e-11 
 1688       5.166817735986e-11 
 1689       5.175311137552e-11 
 1690       5.183809597237e-11 
 1691       5.192305273324e-11 
 1692       5.200790287027e-11 
 1693       5.209256722435e-11 
 1694       5.217696626457e-11 
 1695       5.226102008771e-11 
 1696       5.234464841763e-11 
 1697       5.242777060479e-11 
 1698       5.251030562565e-11 
 1699       5.259217208216e-11 
 1700       5.267328820118e-11 
 1701       5.275357183394e-11 
 1702       5.283294045554e-11 
 1703       5.291131116431e-11 
 1704       5.298860068136e-11 
 1705       5.306472534997e-11 
 1706       5.313960113506e-11 
 1707       5.321314362263e-11 
 1708       5.328526801925e-11 
 1709       5.335588915149e-11 
 1710       5.342492146534e-11 
 1711       5.349227902573e-11 
 1712       5.355787551591e-11 
 1713       5.362162423697e-11 
 1714       5.368344754200e-11 
 1715       5.374330522790e-11 
 1716       5.380116638485e-11 
 1717       5.385699998342e-11 
 1718       5.391077487440e-11 
 1719       5.396245978860e-11 
 1720       5.401202333675e-11 
 1721       5.405943400930e-11 
 1722       5.410466017623e-11 
 1723       5.414767008697e-11 
 1724       5.418843187015e-11 
 1725       5.422691353351e-11 
 1726       5.426308296368e-11 
 1727       5.429690792604e-11 
 1728       5.432835606458e-11 
 1729       5.435739490170e-11 
 1730       5.438399183808e-11 
 1731       5.440811415248e-11 
 1732       5.442972900163e-11 
 1733       5.444880342001e-11 
 1734       5.446530431974e-11 
 1735       5.447919849037e-11 
 1736       5.449045259876e-11 
 1737       5.449903318889e-11 
 1738       5.450490668171e-11 
 1739       5.450803937498e-11 
 1740       5.450839744309e-11 
 1741       5.450594693691e-11 
 1742       5.450065378364e-11 
 1743       5.449248378663e-11 
 1744       5.448140262521e-11 
 1745       5.446737585457e-11 
 1746       5.445036890553e-11 
 1747       5.443034708445e-11 
 1748       5.440727557301e-11 
 1749       5.438111942808e-11 
 1750       5.435184358156e-11 
 1751       5.431941284019e-11 
 1752       5.428379188541e-11 
 1753       5.424495453445e-11 
 1754       5.420291160846e-11 
 1755       5.415768329667e-11 
 1756       5.410928991644e-11 
 1757       5.405775191348e-11 
 1758       5.400308986205e-11 
 1759       5.394532446511e-11 
 1760       5.388447655460e-11 
 1761       5.382056709156e-11 
 1762       5.375361716638e-11 
 1763       5.368364799899e-11 
 1764       5.361068093903e-11 
 1765       5.353473746610e-11 
 1766       5.345583918991e-11 
 1767       5.337400785050e-11 
 1768       5.328926531847e-11 
 1769       5.320163359510e-11 
 1770       5.311113481263e-11 
 1771       5.301779123443e-11 
 1772       5.292162525517e-11 
 1773       5.282265940106e-11 
 1774       5.272091633005e-11 
 1775       5.261641883198e-11 
 1776       5.250918982884e-11 
 1777       5.239925237493e-11 
 1778       5.228662965707e-11 
 1779       5.217134499480e-11 
 1780       5.205342184058e-11 
 1781       5.193288377999e-11 
 1782       5.180975453193e-11 
 1783       5.168405794880e-11 
 1784       5.155581801674e-11 
 1785       5.142505885579e-11 
 1786       5.129180472010e-11 
 1787       5.115607999815e-11 
 1788       5.101790921291e-11 
 1789       5.087731702207e-11 
 1790       5.073432821825e-11 
 1791       5.058896772915e-11 
 1792       5.044126476269e-11 
 1793       5.029126527890e-11 
 1794       5.013901962027e-11 
 1795       4.998457837642e-11 
 1796       4.982799238447e-11 
 1797       4.966931272941e-11 
 1798       4.950859074443e-11 
 1799       4.934587801129e-11 
 1800       4.918122636065e-11 
 1801       4.901468787245e-11 
 1802       4.884631487626e-11 
 1803       4.867615995163e-11 
 1804       4.850427592842e-11 
 1805       4.833071588720e-11 
 1806       4.815553315958e-11 
 1807       4.797878132854e-11 
 1808       4.780051422884e-11 
 1809       4.762078594732e-11 
 1810       4.743965082328e-11 
 1811       4.725716344884e-11 
 1812       4.707337866927e-11 
 1813       4.688835158337e-11 
 1814       4.670213754380e-11 
 1815       4.651479215746e-11 
 1816       4.632637128582e-11 
 1817       4.613693104528e-11 
 1818       4.594652780753e-11 
 1819       4.575521819992e-11 
 1820       4.556305910576e-11 
 1821       4.537010766475e-11 
 1822       4.517642127325e-11 
 1823       4.498205758472e-11 
 1824       4.478707451001e-11 
 1825       4.459153021772e-11 
 1826       4.439548313460e-11 
 1827       4.419899194585e-11 
 1828       4.400211559552e-11 
 1829       4.380491328681e-11 
 1830       4.360744448247e-11 
 1831       4.340976666756e-11 
 1832       4.321192861742e-11 
 1833       4.301397707660e-11 
 1834       4.281595899181e-11 
 1835       4.261792151224e-11 
 1836       4.241991198978e-11 
 1837       4.222197797936e-11 
 1838       4.202416723913e-11 
 1839       4.182652773084e-11 
 1840       4.162910762004e-11 
 1841       4.143195527638e-11 
 1842       4.123511927387e-11 
 1843       4.103864839118e-11 
 1844       4.084259161190e-11 
 1845       4.064699812480e-11 
 1846       4.045191732413e-11 
 1847       4.025739880986e-11 
 1848       4.006349238799e-11 
 1849       3.987024807082e-11 
 1850       3.967771607718e-11 
 1851       3.948594683275e-11 
 1852       3.929499097034e-11 
 1853       3.910489933011e-11 
 1854       3.891572295990e-11 
 1855       3.872751311548e-11 
 1856       3.854032126081e-11 
 1857       3.835419906835e-11 
 1858       3.816919841929e-11 
 1859       3.798537140387e-11 
 1860       3.780277032161e-11 
 1861       3.762144768163e-11 
 1862       3.744145620288e-11 
 1863       3.726284881443e-11 
 1864       3.708567865575e-11 
 1865       3.690999907699e-11 
 1866       3.673586363924e-11 
 1867       3.656332611481e-11 
 1868       3.639244048748e-11 
 1869       3.622326095284e-11 
 1870       3.605583571263e-11 
 1871       3.589018830453e-11 
 1872       3.572633612683e-11 
 1873       3.556429663109e-11 
 1874       3.540408732221e-11 
 1875       3.524572575848e-11 
 1876       3.508922955163e-11 
 1877       3.493461636692e-11 
 1878       3.478190392318e-11 
 1879       3.463110999287e-11 
 1880       3.448225240215e-11 
 1881       3.433534903094e-11 
 1882       3.419041781299e-11 
 1883       3.404747673589e-11 
 1884       3.390654384122e-11 
 1885       3.376763722454e-11 
 1886       3.363077503547e-11 
 1887       3.349597547775e-11 
 1888       3.336325680932e-11 
 1889       3.323263734236e-11 
 1890       3.310413544335e-11 
 1891       3.297776953316e-11 
 1892       3.285355808705e-11 
 1893       3.273151963482e-11 
 1894       3.261167276079e-11 
 1895       3.249403610389e-11 
 1896       3.237862835773e-11 
 1897       3.226546827067e-11 
 1898       3.215457464585e-11 
 1899       3.204596634126e-11 
 1900       3.193966226983e-11 
 1901       3.183568139944e-11 
 1902       3.173404275305e-11 
 1903       3.163476540867e-11 
 1904       3.153786849952e-11 
 1905       3.144337121402e-11 
 1906       3.135129279586e-11 
 1907       3.126165254411e-11 
 1908       3.117446981322e-11 
 1909       3.108975796073e-11 
 1910       3.100750613952e-11 
 1911       3.092769736606e-11 
 1912       3.085031456003e-11 
 1913       3.077534054415e-11 
 1914       3.070275804406e-11 
 1915       3.063254968819e-11 
 1916       3.056469800758e-11 
 1917       3.049918543579e-11 
 1918       3.043599430874e-11 
 1919       3.037510686456e-11 
 1920       3.031650524348e-11 
 1921       3.026017148767e-11 
 1922       3.020608754110e-11 
 1923       3.015423524944e-11 
 1924       3.010459635986e-11 
 1925       3.005715252094e-11 
 1926       3.001188528251e-11 
 1927       2.996877609554e-11 
 1928       2.992780631194e-11 
 1929       2.988895718450e-11 
 1930       2.985220986669e-11 
 1931       2.981754541255e-11 
 1932       2.978494477657e-11 
 1933       2.975438881349e-11 
 1934       2.972585827823e-11 
 1935       2.969933382572e-11 
 1936       2.967479601076e-11 
 1937       2.965222528788e-11 
 1938       2.963160201121e-11 
 1939       2.961290643436e-11 
 1940       2.959611871024e-11 
 1941       2.958121889096e-11 
 1942       2.956818692766e-11 
 1943       2.955700267040e-11 
 1944       2.954764586801e-11 
 1945       2.954009616794e-11 
 1946       2.953433311615e-11 
 1947       2.953033615695e-11 
 1948       2.952808202495e-11 
 1949       2.952753689984e-11 
 1950       2.952866419241e-11 
 1951       2.953142714685e-11 
 1952       2.953578884059e-11 
 1953       2.954171218403e-11 
 1954       2.954915992033e-11 
 1955       2.955809462519e-11 
 1956       2.956847870667e-11 
 1957       2.958027440489e-11 
 1958       2.959344379187e-11 
 1959       2.960794877131e-11 
 1960       2.962375107832e-11 
 1961       2.964081227926e-11 
 1962       2.965909377147e-11 
 1963       2.967855678308e-11 
 1964       2.969916237279e-11 
 1965       2.972087142961e-11 
 1966       2.974364467269e-11 
 1967       2.976744265108e-11 
 1968       2.979222574350e-11 
 1969       2.981795415812e-11 
 1970       2.984458793237e-11 
 1971       2.987208693266e-11 
 1972       2.990041085424e-11 
 1973       2.992951922089e-11 
 1974       2.995937138477e-11 
 1975       2.998992652616e-11 
 1976       3.002114365328e-11 
 1977       3.005298160201e-11 
 1978       3.008539903571e-11 
 1979       3.011835444500e-11 
 1980       3.015180614753e-11 
 1981       3.018571228775e-11 
 1982       3.022003083671e-11 
 1983       3.025471959182e-11 
 1984       3.028973617665e-11 
 1985       3.032503804068e-11 
 1986       3.036058245911e-11 
 1987       3.039632821999e-11 
 1988       3.043224069964e-11 
 1989       3.046828682416e-11 
 1990       3.050443338533e-11 
 1991       3.054064704040e-11 
 1992       3.057689431195e-11 
 1993       3.061314158772e-11 
 1994       3.064935512040e-11 
 1995       3.068550102752e-11 
 1996       3.072154529124e-11 
 1997       3.075745375821e-11 
 1998       3.079319213935e-11 
 1999       3.082872600974e-11 
 2000       3.086402080842e-11 
 2001       3.089904183823e-11 
 2002       3.093375426563e-11 
 2003       3.096812312053e-11 
 2004       3.100211329615e-11 
 2005       3.103568954880e-11 
 2006       3.106881649777e-11 
 2007       3.110145862511e-11 
 2008       3.113358027547e-11 
 2009       3.116514565598e-11 
 2010       3.119611883601e-11 
 2011       3.122646374703e-11 
 2012       3.125614418246e-11 
 2013       3.128512379749e-11 
 2014       3.131336610888e-11 
 2015       3.134083449484e-11 
 2016       3.136749219481e-11 
 2017       3.139330230935e-11 
 2018       3.141822779991e-11 
 2019       3.144223148869e-11 
 2020       3.146527605849e-11 
 2021       3.148732405251e-11 
 2022       3.150833787417e-11 
 2023       3.152827978698e-11 
 2024       3.154711191436e-11 
 2025       3.156479623945e-11 
 2026       3.158129895739e-11 
 2027       3.159660356683e-11 
 2028       3.161069787266e-11 
 2029       3.162356964212e-11 
 2030       3.163520660477e-11 
 2031       3.164559645243e-11 
 2032       3.165472683915e-11 
 2033       3.166258538114e-11 
 2034       3.166915965679e-11 
 2035       3.167443720655e-11 
 2036       3.167840553294e-11 
 2037       3.168105210051e-11 
 2038       3.168236433577e-11 
 2039       3.168232962714e-11 
 2040       3.168093532497e-11 
 2041       3.167816874141e-11 
 2042       3.167401715044e-11 
 2043       3.166846778781e-11 
 2044       3.166150785097e-11 
 2045       3.165312449905e-11 
 2046       3.164330485281e-11 
 2047       3.163203599463e-11 
 2048       3.161930496840e-11 
 2049       3.160509877956e-11 
 2050       3.158940439498e-11 
 2051       3.157220874299e-11 
 2052       3.155349871326e-11 
 2053       3.153326115684e-11 
 2054       3.151148288606e-11 
 2055       3.148815067450e-11 
 2056       3.146325125697e-11 
 2057       3.143677132943e-11 
 2058       3.140869754899e-11 
 2059       3.137901653384e-11 
 2060       3.134771486321e-11 
 2061       3.131477907734e-11 
 2062       3.128019567742e-11 
 2063       3.124395112558e-11 
 2064       3.120603184481e-11 
 2065       3.116642845333e-11 
 2066       3.112514850052e-11 
 2067       3.108220382119e-11 
 2068       3.103760630944e-11 
 2069       3.099136791876e-11 
 2070       3.094350066210e-11 
 2071       3.089401661192e-11 
 2072       3.084292790030e-11 
 2073       3.079024671902e-11 
 2074       3.073598531961e-11 
 2075       3.068015601343e-11 
 2076       3.062277117178e-11 
 2077       3.056384322594e-11 
 2078       3.050338466727e-11 
 2079       3.044140804727e-11 
 2080       3.037792597766e-11 
 2081       3.031295113048e-11 
 2082       3.024649623814e-11 
 2083       3.017857409349e-11 
 2084       3.010919754995e-11 
 2085       3.003837952151e-11 
 2086       2.996613298287e-11 
 2087       2.989247096950e-11 
 2088       2.981740657769e-11 
 2089       2.974095296465e-11 
 2090       2.966312334861e-11 
 2091       2.958393100885e-11 
 2092       2.950338928580e-11 
 2093       2.942151158111e-11 
 2094       2.933831135776e-11 
 2095       2.925380214009e-11 
 2096       2.916799751389e-11 
 2097       2.908091112649e-11 
 2098       2.899255668684e-11 
 2099       2.890294796557e-11 
 2100       2.881209879507e-11 
 2101       2.872002306959e-11 
 2102       2.862673474527e-11 
 2103       2.853224784027e-11 
 2104       2.843657833350e-11 
 2105       2.833974987526e-11 
 2106       2.824178811649e-11 
 2107       2.814271881381e-11 
 2108       2.804256782969e-11 
 2109       2.794136113251e-11 
 2110       2.783912479677e-11 
 2111       2.773588500313e-11 
 2112       2.763166803863e-11 
 2113       2.752650029673e-11 
 2114       2.742040827751e-11 
 2115       2.731341858776e-11 
 2116       2.720555794111e-11 
 2117       2.709685315818e-11 
 2118       2.698733116668e-11 
 2119       2.687701900156e-11 
 2120       2.676594380514e-11 
 2121       2.665413282721e-11 
 2122       2.654161342519e-11 
 2123       2.642841306425e-11 
 2124       2.631455931742e-11 
 2125       2.620007986575e-11 
 2126       2.608500249842e-11 
 2127       2.596935511285e-11 
 2128       2.585316571487e-11 
 2129       2.573646241882e-11 
 2130       2.561927344769e-11 
 2131       2.550162713323e-11 
 2132       2.538355191612e-11 
 2133       2.526507634602e-11 
 2134       2.514622908181e-11 
 2135       2.502703889162e-11 
 2136       2.490753465300e-11 
 2137       2.478774535306e-11 
 2138       2.466770008855e-11 
 2139       2.454742806606e-11 
 2140       2.442695860209e-11 
 2141       2.430632112320e-11 
 2142       2.418554516613e-11 
 2143       2.406465933754e-11 
 2144       2.394368818512e-11 
 2145       2.382265530535e-11 
 2146       2.370158438208e-11 
 2147       2.358049918660e-11 
 2148       2.345942357779e-11 
 2149       2.333838150215e-11 
 2150       2.321739699399e-11 
 2151       2.309649417545e-11 
 2152       2.297569725665e-11 
 2153       2.285503053578e-11 
 2154       2.273451839919e-11 
 2155       2.261418532150e-11 
 2156       2.249405586571e-11 
 2157       2.237415468329e-11 
 2158       2.225450651427e-11 
 2159       2.213513618737e-11 
 2160       2.201606862008e-11 
 2161       2.189732881876e-11 
 2162       2.177894187877e-11 
 2163       2.166093298453e-11 
 2164       2.154332740964e-11 
 2165       2.142615051700e-11 
 2166       2.130942775887e-11 
 2167       2.119318467701e-11 
 2168       2.107744690277e-11 
 2169       2.096224015717e-11 
 2170       2.084759025103e-11 
 2171       2.073352308507e-11 
 2172       2.062006464996e-11 
 2173       2.050724102652e-11 
 2174       2.039507838571e-11 
 2175       2.028360298883e-11 
 2176       2.017284118754e-11 
 2177       2.006281942401e-11 
 2178       1.995356423101e-11 
 2179       1.984510223202e-11 
 2180       1.973746014130e-11 
 2181       1.963066476402e-11 
 2182       1.952474010770e-11 
 2183       1.941969869515e-11 
 2184       1.931555019342e-11 
 2185       1.921230429725e-11 
 2186       1.910997072905e-11 
 2187       1.900855923896e-11 
 2188       1.890807960484e-11 
 2189       1.880854163235e-11 
 2190       1.870995515495e-11 
 2191       1.861233003392e-11 
 2192       1.851567615840e-11 
 2193       1.842000344542e-11 
 2194       1.832532183994e-11 
 2195       1.823164131483e-11 
 2196       1.813897187098e-11 
 2197       1.804732353724e-11 
 2198       1.795670637051e-11 
 2199       1.786713045575e-11 
 2200       1.777860590601e-11 
 2201       1.769114286243e-11 
 2202       1.760475149432e-11 
 2203       1.751944199916e-11 
 2204       1.743522460262e-11 
 2205       1.735210955861e-11 
 2206       1.727010714928e-11 
 2207       1.718922768510e-11 
 2208       1.710948150482e-11 
 2209       1.703087897555e-11 
 2210       1.695343049277e-11 
 2211       1.687714648036e-11 
 2212       1.680203739063e-11 
 2213       1.672811370434e-11 
 2214       1.665538593074e-11 
 2215       1.658386460761e-11 
 2216       1.651356030124e-11 
 2217       1.644448360652e-11 
 2218       1.637664514693e-11 
 2219       1.631005557457e-11 
 2220       1.624472557020e-11 
 2221       1.618066294584e-11 
 2222       1.611786393159e-11 
 2223       1.605632183141e-11 
 2224       1.599602991533e-11 
 2225       1.593698141939e-11 
 2226       1.587916954559e-11 
 2227       1.582258746187e-11 
 2228       1.576722830202e-11 
 2229       1.571308516572e-11 
 2230       1.566015111842e-11 
 2231       1.560841919134e-11 
 2232       1.555788238142e-11 
 2233       1.550853365125e-11 
 2234       1.546036592910e-11 
 2235       1.541337210878e-11 
 2236       1.536754504968e-11 
 2237       1.532287757669e-11 
 2238       1.527936248016e-11 
 2239       1.523699251587e-11 
 2240       1.519576040498e-11 
 2241       1.515565883399e-11 
 2242       1.511668045468e-11 
 2243       1.507881788411e-11 
 2244       1.504206370454e-11 
 2245       1.500641046340e-11 
 2246       1.497185067326e-11 
 2247       1.493837681176e-11 
 2248       1.490598132160e-11 
 2249       1.487465661048e-11 
 2250       1.484439505105e-11 
 2251       1.481518898090e-11 
 2252       1.478703070248e-11 
 2253       1.475991248308e-11 
 2254       1.473382655478e-11 
 2255       1.470876511442e-11 
 2256       1.468472032355e-11 
 2257       1.466168430837e-11 
 2258       1.463964915973e-11 
 2259       1.461860693304e-11 
 2260       1.459854826576e-11 
 2261       1.457945821999e-11 
 2262       1.456132041288e-11 
 2263       1.454411839655e-11 
 2264       1.452783565808e-11 
 2265       1.451245561939e-11 
 2266       1.449796163719e-11 
 2267       1.448433700291e-11 
 2268       1.447156494259e-11 
 2269       1.445962861685e-11 
 2270       1.444851112080e-11 
 2271       1.443819548394e-11 
 2272       1.442866467012e-11 
 2273       1.441990157746e-11 
 2274       1.441188903825e-11 
 2275       1.440460981890e-11 
 2276       1.439804661988e-11 
 2277       1.439218207559e-11 
 2278       1.438699875434e-11 
 2279       1.438247915826e-11 
 2280       1.437860572320e-11 
 2281       1.437536081871e-11 
 2282       1.437272674789e-11 
 2283       1.437068574740e-11 
 2284       1.436921998732e-11 
 2285       1.436831157110e-11 
 2286       1.436794253549e-11 
 2287       1.436809485047e-11 
 2288       1.436875041913e-11 
 2289       1.436989107768e-11 
 2290       1.437149859529e-11 
 2291       1.437355467406e-11 
 2292       1.437604094896e-11 
 2293       1.437893898771e-11 
 2294       1.438223029072e-11 
 2295       1.438589629107e-11 
 2296       1.438991835433e-11 
 2297       1.439427777860e-11 
 2298       1.439895579434e-11 
 2299       1.440393412380e-11 
 2300       1.440919666312e-11 
 2301       1.441472781074e-11 
 2302       1.442051190895e-11 
 2303       1.442653324373e-11 
 2304       1.443277604478e-11 
 2305       1.443922448538e-11 
 2306       1.444586268239e-11 
 2307       1.445267469616e-11 
 2308       1.445964453045e-11 
 2309       1.446675613241e-11 
 2310       1.447399339250e-11 
 2311       1.448134014442e-11 
 2312       1.448878016504e-11 
 2313       1.449629717436e-11 
 2314       1.450387483547e-11 
 2315       1.451149675441e-11 
 2316       1.451914648019e-11 
 2317       1.452680750469e-11 
 2318       1.453446326259e-11 
 2319       1.454209713133e-11 
 2320       1.454969243106e-11 
 2321       1.455723242452e-11 
 2322       1.456470031704e-11 
 2323       1.457207925646e-11 
 2324       1.457935233305e-11 
 2325       1.458650257945e-11 
 2326       1.459351297066e-11 
 2327       1.460036642390e-11 
 2328       1.460704579860e-11 
 2329       1.461353389632e-11 
 2330       1.461981346070e-11 
 2331       1.462586717738e-11 
 2332       1.463167767396e-11 
 2333       1.463722751992e-11 
 2334       1.464249922658e-11 
 2335       1.464747524699e-11 
 2336       1.465213797594e-11 
 2337       1.465646974984e-11 
 2338       1.466045467481e-11 
 2339       1.466408412350e-11 
 2340       1.466735127257e-11 
 2341       1.467024927766e-11 
 2342       1.467277127337e-11 
 2343       1.467491037325e-11 
 2344       1.467665966974e-11 
 2345       1.467801223419e-11 
 2346       1.467896111683e-11 
 2347       1.467949934673e-11 
 2348       1.467961993180e-11 
 2349       1.467931585875e-11 
 2350       1.467858009308e-11 
 2351       1.467740557905e-11 
 2352       1.467578523968e-11 
 2353       1.467371197670e-11 
 2354       1.467117867054e-11 
 2355       1.466817818030e-11 
 2356       1.466470334376e-11 
 2357       1.466074697732e-11 
 2358       1.465630187599e-11 
 2359       1.465136081337e-11 
 2360       1.464591654166e-11 
 2361       1.463996179158e-11 
 2362       1.463348927237e-11 
 2363       1.462649167181e-11 
 2364       1.461896165614e-11 
 2365       1.461089187005e-11 
 2366       1.460227493671e-11 
 2367       1.459310345767e-11 
 2368       1.458337001290e-11 
 2369       1.457306716073e-11 
 2370       1.456218743787e-11 
 2371       1.455072335934e-11 
 2372       1.453866741847e-11 
 2373       1.452601208689e-11 
 2374       1.451274981449e-11 
 2375       1.449887302941e-11 
 2376       1.448437413802e-11 
 2377       1.446924741760e-11 
 2378       1.445349470726e-11 
 2379       1.443711975203e-11 
 2380       1.442012631336e-11 
 2381       1.440251816913e-11 
 2382       1.438429911368e-11 
 2383       1.436547295782e-11 
 2384       1.434604352884e-11 
 2385       1.432601467053e-11 
 2386       1.430539024324e-11 
 2387       1.428417412383e-11 
 2388       1.426237020574e-11 
 2389       1.423998239898e-11 
 2390       1.421701463018e-11 
 2391       1.419347084257e-11 
 2392       1.416935499602e-11 
 2393       1.414467106706e-11 
 2394       1.411942304891e-11 
 2395       1.409361495144e-11 
 2396       1.406725080128e-11 
 2397       1.404033464176e-11 
 2398       1.401287053297e-11 
 2399       1.398486255176e-11 
 2400       1.395631479177e-11 
 2401       1.392723136345e-11 
 2402       1.389761639407e-11 
 2403       1.386747402772e-11 
 2404       1.383680842538e-11 
 2405       1.380562376490e-11 
 2406       1.377392424102e-11 
 2407       1.374171406539e-11 
 2408       1.370899746662e-11 
 2409       1.367577869024e-11 
 2410       1.364206199877e-11 
 2411       1.360785167172e-11 
 2412       1.357315200560e-11 
 2413       1.353796731396e-11 
 2414       1.350230192738e-11 
 2415       1.346616019351e-11 
 2416       1.342954739707e-11 
 2417       1.339247252588e-11 
 2418       1.335494552164e-11 
 2419       1.331697636150e-11 
 2420       1.327857505808e-11 
 2421       1.323975165950e-11 
 2422       1.320051624945e-11 
 2423       1.316087894723e-11 
 2424       1.312084990774e-11 
 2425       1.308043932156e-11 
 2426       1.303965741498e-11 
 2427       1.299851445002e-11 
 2428       1.295702072448e-11 
 2429       1.291518657199e-11 
 2430       1.287302236202e-11 
 2431       1.283053849995e-11 
 2432       1.278774542706e-11 
 2433       1.274465362062e-11 
 2434       1.270127359390e-11 
 2435       1.265761589620e-11 
 2436       1.261369111292e-11 
 2437       1.256950986556e-11 
 2438       1.252508281177e-11 
 2439       1.248042064541e-11 
 2440       1.243553409656e-11 
 2441       1.239043393155e-11 
 2442       1.234513095304e-11 
 2443       1.229963600002e-11 
 2444       1.225395994785e-11 
 2445       1.220811370832e-11 
 2446       1.216210822966e-11 
 2447       1.211595449660e-11 
 2448       1.206966353041e-11 
 2449       1.202324638890e-11 
 2450       1.197671416649e-11 
 2451       1.193007799426e-11 
 2452       1.188334903995e-11 
 2453       1.183653850802e-11 
 2454       1.178965763969e-11 
 2455       1.174271746648e-11 
 2456       1.169572806933e-11 
 2457       1.164869931511e-11 
 2458       1.160164110282e-11 
 2459       1.155456336354e-11 
 2460       1.150747606048e-11 
 2461       1.146038918906e-11 
 2462       1.141331277687e-11 
 2463       1.136625688378e-11 
 2464       1.131923160190e-11 
 2465       1.127224705565e-11 
 2466       1.122531340181e-11 
 2467       1.117844082950e-11 
 2468       1.113163956026e-11 
 2469       1.108491984807e-11 
 2470       1.103829197936e-11 
 2471       1.099176627307e-11 
 2472       1.094535308068e-11 
 2473       1.089906278622e-11 
 2474       1.085290580634e-11 
 2475       1.080689259029e-11 
 2476       1.076103362001e-11 
 2477       1.071533941012e-11 
 2478       1.066982050798e-11 
 2479       1.062448749370e-11 
 2480       1.057935098018e-11 
 2481       1.053442161317e-11 
 2482       1.048971007125e-11 
 2483       1.044522706591e-11 
 2484       1.040098334154e-11 
 2485       1.035698967552e-11 
 2486       1.031325687820e-11 
 2487       1.026979579294e-11 
 2488       1.022661729616e-11 
 2489       1.018373229739e-11 
 2490       1.014115173925e-11 
 2491       1.009888659752e-11 
 2492       1.005694788117e-11 
 2493       1.001534663238e-11 
 2494       9.974087924681e-12 
 2495       9.933152818846e-12 
 2496       9.892516301119e-12 
 2497       9.852153275416e-12 
 2498       9.812038563244e-12 
 2499       9.772146903612e-12 
 2500       9.732452952952e-12 
